clean_movie,Worldwide Box Office,Domestic Box Office,International Box Office,DomesticShare,year,Rotten_Score,Metacritic_Score,Imdb_Score
Avatar,2789705275,760507625,2029197650,27.26,2009,82.0,83.0,78.0
Harry Potter and the Half-Blood Prince,935213767,302089278,633124489,32.3,2009,83.0,78.0,76.0
Ice Age: Dawn of the Dinosaurs,859701857,196573705,663128152,22.87,2009,46.0,50.0,69.0
Transformers: Revenge of the Fallen,836519699,402111870,434407829,48.07,2009,20.0,35.0,60.0
2012,757677748,166112167,591565581,21.92,2009,39.0,49.0,58.0
Up,731463377,293004164,438459213,40.06,2009,98.0,88.0,82.0
The Twilight Saga: New Moon,687557727,296623634,390934093,43.14,2009,28.0,44.0,47.0
Sherlock Holmes,498438212,209028679,289409533,41.94,2009,69.0,57.0,76.0
The Hangover,465764086,277322503,188441583,59.54,2009,78.0,73.0,77.0
Alvin and the Chipmunks: The Squeakquel,443483213,219614612,223868601,49.52,2009,20.0,41.0,45.0
Night at the Museum: Battle of the Smithsonian,402231063,177243721,224987342,44.07,2009,45.0,42.0,60.0
Star Trek,386839614,257730019,129109595,66.62,2009,94.0,82.0,79.0
Monsters vs. Aliens,381687380,198351526,183335854,51.97,2009,73.0,56.0,65.0
X-Men Origins: Wolverine,374825760,179883157,194942603,47.99,2009,37.0,40.0,66.0
Terminator Salvation,365491792,125322469,240169323,34.29,2009,33.0,49.0,66.0
Inglourious Basterds,316915264,120774594,196140670,38.11,2009,89.0,69.0,83.0
The Proposal,314709717,163958031,150751686,52.1,2009,44.0,48.0,67.0
The Blind Side,305705794,255959475,49746319,83.73,2009,66.0,53.0,76.0
G.I. Joe: The Rise of Cobra,302469017,150201498,152267519,49.66,2009,34.0,32.0,58.0
G-Force,292817841,119436770,173381071,40.79,2009,22.0,41.0,51.0
The Princess and the Frog,270997378,104400899,166596479,38.52,2009,85.0,73.0,71.0
Cloudy with a Chance of Meatballs,236827677,124870275,111957402,52.73,2009,86.0,66.0,69.0
It's Complicated,224614744,112735375,111879369,50.19,2009,58.0,57.0,66.0
District 9,212453431,115646235,96807196,54.43,2009,90.0,81.0,79.0
Public Enemies,212282709,97104620,115178089,45.74,2009,68.0,70.0,70.0
The Ugly Truth,205298907,88915214,116383693,43.31,2009,14.0,28.0,64.0
The Final Destination,187384627,66477700,120906927,35.48,2009,29.0,30.0,52.0
Watchmen,186976250,107509799,79466451,57.5,2009,64.0,56.0,76.0
Knowing,186450317,79957634,106492683,42.88,2009,33.0,41.0,62.0
Paul Blart: Mall Cop,185904750,146336178,39568572,78.72,2009,32.0,39.0,52.0
He's Just Not That Into You,181053657,93953653,87100004,51.89,2009,40.0,47.0,64.0
Couples Retreat,172450423,109205660,63244763,63.33,2009,10.0,23.0,55.0
Up in the Air,166842739,83823381,83019358,50.24,2009,91.0,83.0,74.0
The Taking of Pelham 123,152364370,65452312,86912058,42.96,2009,51.0,55.0,64.0
17 Again,139474906,64167069,75307837,46.01,2009,56.0,48.0,63.0
Law Abiding Citizen,131159781,73357727,57802054,55.93,2009,26.0,34.0,74.0
Coraline,126037057,75286229,50750828,59.73,2009,90.0,80.0,77.0
Invictus,124514011,37491364,87022647,30.11,2009,76.0,74.0,73.0
Hotel for Dogs,122357172,73178547,49178625,59.81,2009,46.0,51.0,54.0
Surrogates,119668350,38577772,81090578,32.24,2009,37.0,45.0,63.0
Bride Wars,115150424,58715510,56434914,50.99,2009,10.0,24.0,55.0
Planet 51,108996113,42194060,66802053,38.71,2009,22.0,39.0,61.0
Confessions of a Shopaholic,108027701,44277350,63750351,40.99,2009,25.0,38.0,59.0
Race to Witch Mountain,105103784,67172595,37931189,63.91,2009,42.0,52.0,57.0
My Bloody Valentine,102836002,51545952,51290050,50.12,2009,60.0,51.0,54.0
Ghosts of Girlfriends Past,102512802,55250026,47262776,53.9,2009,27.0,34.0,58.0
The Time Traveler's Wife,102332135,63414846,38917289,61.97,2009,39.0,47.0,71.0
Zombieland,102236596,75590286,26646310,73.94,2009,90.0,73.0,76.0
Where the Wild Things Are,99123656,77233467,21890189,77.92,2009,73.0,71.0,68.0
My Sister's Keeper,96673002,49200230,47472772,50.89,2009,48.0,51.0,74.0
Old Dogs,95104304,49492060,45612244,52.04,2009,5.0,19.0,54.0
The Lovely Bones,94894448,44114232,50780216,46.49,2009,32.0,42.0,67.0
Friday the 13th,92670237,65002019,27668218,70.14,2009,25.0,34.0,55.0
"I Love You, Man",92302502,72013010,20289492,78.02,2009,83.0,70.0,70.0
State of Play,88832210,37017955,51814255,41.67,2009,84.0,64.0,71.0
Duplicity,81079566,40572825,40506741,50.04,2009,65.0,69.0,61.0
Did You Hear About the Morgans?,80480566,29580087,50900479,36.75,2009,12.0,27.0,48.0
Fame,80227619,22455510,57772109,27.99,2009,24.0,39.0,50.0
Orphan,78769428,41596251,37173177,52.81,2009,55.0,42.0,69.0
The Haunting in Connecticut,78758522,55389516,23369006,70.33,2009,17.0,33.0,59.0
The Unborn,78208812,42670410,35538402,54.56,2009,10.0,30.0,48.0
Obsessed,73964713,68261644,5703069,92.29,2009,19.0,25.0,49.0
Funny People,71880305,51855045,20025260,72.14,2009,69.0,60.0,63.0
The Pink Panther 2,70022978,35922978,34100000,51.3,2009,12.0,36.0,56.0
Saw VI,69752402,27693292,42059110,39.7,2009,39.0,30.0,60.0
Land of the Lost,69548641,49438370,20110271,71.08,2009,26.0,32.0,53.0
3 Idiots,69533849,6533849,63000000,9.4,2009,100.0,67.0,84.0
The Men Who Stare at Goats,67348218,32428195,34920023,48.15,2009,51.0,54.0,62.0
The Imaginarium of Doctor Parnassus,64352607,7689607,56663000,11.95,2009,64.0,65.0,68.0
Ninja Assassin,62209892,38122883,24087009,61.28,2009,25.0,34.0,63.0
Aliens in the Attic,59551283,25200412,34350871,42.32,2009,32.0,42.0,54.0
Dragonball Evolution,58228460,9362785,48865675,16.08,2009,15.0,45.0,26.0
Year One,57604723,43337279,14267444,75.23,2009,15.0,34.0,49.0
The International,53850527,25450527,28400000,47.26,2009,58.0,52.0,65.0
Nine,53508858,19676965,33831893,36.77,2009,40.0,49.0,58.0
Toy Story 3,1068879522,415004880,653874642,38.83,2010,98.0,92.0,83.0
Alice in Wonderland,1025491110,334191110,691300000,32.59,2010,51.0,53.0,64.0
Inception,835524642,292576195,542948447,35.02,2010,87.0,74.0,88.0
Shrek Forever After,756244673,238736787,517507886,31.57,2010,58.0,58.0,63.0
The Twilight Saga: Eclipse,706102828,300531751,405571077,42.56,2010,48.0,58.0,50.0
Iron Man 2,621156389,312433331,308723058,50.3,2010,73.0,57.0,70.0
Tangled,586477240,200821936,385655304,34.24,2010,89.0,71.0,77.0
Despicable Me,543464573,251513985,291950588,46.28,2010,81.0,72.0,76.0
How to Train Your Dragon,494870992,217581232,277289760,43.97,2010,99.0,74.0,81.0
Clash of the Titans,493214888,163214888,330000000,33.09,2010,27.0,39.0,58.0
The King's Speech,430821168,138797449,292023719,32.22,2010,95.0,88.0,80.0
The Karate Kid,351774938,176591618,175183320,50.2,2010,66.0,61.0,62.0
Black Swan,331266710,106954678,224312032,32.29,2010,85.0,79.0,80.0
Robin Hood,322459006,105487148,216971858,32.71,2010,43.0,53.0,66.0
Robin Hood,322459006,105487148,216971858,32.71,2010,15.0,32.0,53.0
Robin Hood,84747441,30824628,53922813,36.37,2018,43.0,53.0,66.0
Robin Hood,84747441,30824628,53922813,36.37,2018,15.0,32.0,53.0
Megamind,321887208,148415853,173471355,46.11,2010,72.0,63.0,72.0
The Last Airbender,319713881,131772187,187941694,41.22,2010,5.0,20.0,41.0
Little Fockers,310650574,148438600,162211974,47.78,2010,9.0,27.0,55.0
Shutter Island,299461782,128012934,171448848,42.75,2010,68.0,63.0,81.0
Resident Evil: Afterlife,295874190,60128566,235745624,20.32,2010,23.0,37.0,58.0
Sex and the City 2,294680778,95347692,199333086,32.36,2010,15.0,27.0,44.0
Salt,290650494,118311368,172339126,40.71,2010,63.0,65.0,64.0
The Tourist,278731369,67631157,211100212,24.26,2010,20.0,37.0,60.0
Grown Ups,272223430,162001186,110222244,59.51,2010,10.0,30.0,59.0
The Expendables,268268174,103068524,165199650,38.42,2010,42.0,45.0,65.0
Knight and Day,258751370,76423035,182328335,29.54,2010,52.0,46.0,63.0
True Grit,252276928,171243005,81033923,67.88,2010,96.0,80.0,76.0
Gulliver's Travels,232017848,42779261,189238587,18.44,2010,20.0,33.0,49.0
The Social Network,224922135,96962694,127959441,43.11,2010,96.0,95.0,77.0
Percy Jackson & the Olympians: The Lightning Thief,223050874,88768303,134282571,39.8,2010,49.0,47.0,59.0
The Sorcerer's Apprentice,217986320,63150991,154835329,28.97,2010,40.0,46.0,61.0
Valentine's Day,217569328,110485654,107083674,50.78,2010,18.0,34.0,57.0
Due Date,211739043,100539043,111200000,47.48,2010,40.0,51.0,65.0
Eat Pray Love,206598789,80574010,126024779,39.0,2010,36.0,50.0,58.0
Yogi Bear,204774690,100246011,104528679,48.95,2010,13.0,35.0,46.0
Paranormal Activity 2,177512032,84752907,92759125,47.74,2010,59.0,53.0,56.0
The A-Team,177241171,77222099,100019072,43.57,2010,49.0,47.0,67.0
Jackass 3D,171685793,117229692,54456101,68.28,2010,65.0,56.0,70.0
The Other Guys,170936470,119219978,51716492,69.75,2010,78.0,64.0,66.0
Step Up 3D,165889117,42400223,123488894,25.56,2010,46.0,45.0,62.0
Unstoppable,165720921,81562942,84157979,49.22,2010,86.0,69.0,67.0
The Book of Eli,158750817,94835059,63915758,59.74,2010,47.0,53.0,69.0
The Town,152566881,92186262,60380619,60.42,2010,93.0,74.0,75.0
Date Night,152269033,98711404,53557629,64.83,2010,66.0,56.0,63.0
The Wolfman,142634358,62189884,80444474,43.6,2010,35.0,43.0,58.0
Dear John,142033509,80014842,62018667,56.34,2010,29.0,43.0,63.0
Legend of the Guardians: The Owls of Ga'Hoole,139716717,55675313,84041404,39.85,2010,51.0,53.0,70.0
The Bounty Hunter,135808837,67061228,68747609,49.38,2010,12.0,22.0,56.0
The Fighter,129262388,93617009,35645379,72.42,2010,91.0,79.0,78.0
Predators,127234389,52000688,75233701,40.87,2010,65.0,51.0,64.0
A Nightmare on Elm Street,117729621,63075011,54654610,53.58,2010,15.0,35.0,52.0
Cats & Dogs: The Revenge of Kitty Galore,113026383,43585753,69440630,38.56,2010,13.0,30.0,43.0
Tooth Fairy,112610386,60022256,52588130,53.3,2010,18.0,36.0,50.0
Hereafter,108660270,32746941,75913329,30.14,2010,47.0,56.0,64.0
Life as We Know It,105887837,53374681,52513156,50.41,2010,29.0,39.0,65.0
Kick-Ass,97531134,48071303,49459831,49.29,2010,76.0,66.0,76.0
Green Zone,97523020,35497337,62025683,36.4,2010,54.0,63.0,68.0
Killers,95572749,47059963,48512786,49.24,2010,10.0,21.0,54.0
The Last Song,92678948,62950384,29728564,67.92,2010,20.0,33.0,59.0
Get Him to the Greek,91455875,61153526,30302349,66.87,2010,72.0,65.0,64.0
Burlesque,90552675,39440655,51112020,43.56,2010,36.0,47.0,64.0
Marmaduke,89895930,33644788,56251142,37.43,2010,9.0,30.0,42.0
Dinner for Schmucks,86796502,73026337,13770165,84.14,2010,41.0,56.0,59.0
Piranha 3D,83660160,25003155,58657005,29.89,2010,74.0,53.0,54.0
Edge of Darkness,82812456,43313890,39498566,52.3,2010,56.0,55.0,66.0
Letters to Juliet,82148538,53032453,29116085,64.56,2010,41.0,50.0,65.0
Vampires Suck,81424988,36661504,44763484,45.02,2010,4.0,18.0,34.0
Diary of a Wimpy Kid,76954311,64003625,12950686,83.17,2010,52.0,56.0,62.0
Easy A,76200721,58401464,17799257,76.64,2010,85.0,72.0,71.0
The Back-up Plan,75281179,37490007,37791172,49.8,2010,18.0,34.0,53.0
Takers,70587268,57744720,12842548,81.81,2010,29.0,45.0,62.0
The Last Exorcism,70165900,41034350,29131550,58.48,2010,72.0,63.0,56.0
Skyline,68264973,21416355,46848618,31.37,2010,16.0,26.0,44.0
The American,67950723,35606376,32344347,52.4,2010,65.0,61.0,63.0
Legion,67647574,40168080,27479494,59.38,2010,19.0,32.0,52.0
The Next Three Days,67255916,21148651,46107265,31.45,2010,51.0,52.0,74.0
Hot Tub Time Machine,65967750,50269859,15697891,76.2,2010,63.0,63.0,64.0
The Ghost Writer,65532491,15541549,49990942,23.72,2010,84.0,77.0,72.0
Devil,63354114,33679655,29674459,53.16,2010,51.0,44.0,62.0
Why Did I Get Married Too?,60831067,60095852,735215,98.79,2010,27.0,43.0,46.0
Secretariat,60376247,59699513,676734,98.88,2010,63.0,61.0,72.0
127 Hours,60217171,18335230,41881941,30.45,2010,93.0,82.0,76.0
Morning Glory,59795070,31011732,28783338,51.86,2010,55.0,57.0,65.0
Remember Me,56506120,19068240,37437880,33.75,2010,27.0,40.0,71.0
The Crazies,56445534,39123589,17321945,69.31,2010,71.0,55.0,65.0
Cop Out,55909910,44875481,11034429,80.26,2010,18.0,31.0,56.0
Transformers: Dark of the Moon,1123790543,352390543,771400000,31.36,2011,35.0,42.0,62.0
Pirates of the Caribbean: On Stranger Tides,1045663875,241063875,804600000,23.05,2011,33.0,45.0,66.0
Kung Fu Panda 2,664837547,165249063,499588484,24.86,2011,81.0,67.0,72.0
Fast Five,630163454,210031325,420132129,33.33,2011,77.0,66.0,73.0
The Hangover Part II,586464305,254464305,332000000,43.39,2011,33.0,44.0,65.0
The Smurfs,563749323,142614158,421135165,25.3,2011,22.0,30.0,54.0
Cars 2,560155383,191450875,368704508,34.18,2011,39.0,57.0,62.0
Puss in Boots,554987477,149260504,405726973,26.89,2011,85.0,65.0,66.0
Sherlock Holmes: A Game of Shadows,535663443,186848418,348815025,34.88,2011,60.0,48.0,75.0
Rio,487519809,143619809,343900000,29.46,2011,72.0,63.0,69.0
Rise of the Planet of the Apes,470986200,176760185,294226015,37.53,2011,82.0,68.0,76.0
Thor,449326618,181030624,268295994,40.29,2011,77.0,57.0,70.0
The Adventures of Tintin,373993951,77591831,296402120,20.75,2011,73.0,68.0,73.0
Captain America: The First Avenger,370569776,176654505,193915271,47.67,2011,80.0,66.0,69.0
X-Men: First Class,355408305,146408305,209000000,41.19,2011,86.0,65.0,77.0
Alvin and the Chipmunks: Chipwrecked,349088523,133107389,215981134,38.13,2011,11.0,24.0,43.0
Bridesmaids,289632023,169211718,120420305,58.42,2011,90.0,75.0,68.0
Real Steel,263880341,85463309,178417032,32.39,2011,60.0,56.0,71.0
Super 8,257972745,127004179,130968566,49.23,2011,81.0,72.0,70.0
Rango,245724600,123477607,122246993,50.25,2011,88.0,75.0,72.0
The Girl with the Dragon Tattoo,239373970,102515793,136858177,42.83,2011,86.0,71.0,78.0
The Green Hornet,229155503,98780042,130375461,43.11,2011,44.0,39.0,58.0
Green Lantern,219535492,116601172,102934320,53.11,2011,26.0,39.0,55.0
Bad Teacher,215448997,100292856,115156141,46.55,2011,44.0,47.0,56.0
The Help,213120004,169705587,43414417,79.63,2011,76.0,62.0,81.0
Horrible Bosses,212417601,117538559,94879042,55.33,2011,69.0,57.0,69.0
Immortals,211562435,83504017,128058418,39.47,2011,38.0,46.0,60.0
Paranormal Activity 3,207039844,104028807,103011037,50.25,2011,67.0,59.0,58.0
Hop,188657593,108085305,80572288,57.29,2011,25.0,41.0,54.0
Hugo,180047784,73864507,106183277,41.02,2011,93.0,83.0,75.0
The Descendants,175507800,82624961,92882839,47.08,2011,89.0,84.0,73.0
Zookeeper,170805525,80360866,90444659,47.05,2011,14.0,30.0,52.0
In Time,165103952,37553932,127550020,22.75,2011,37.0,53.0,67.0
Johnny English Reborn,164640401,8406711,156233690,5.11,2011,38.0,46.0,63.0
Midnight in Paris,162502774,56816662,105686112,34.96,2011,93.0,81.0,77.0
The Muppets,160971922,88625922,72346000,55.06,2011,95.0,75.0,71.0
Happy Feet Two,157956466,64006466,93950000,40.52,2011,45.0,50.0,59.0
War Horse,156815529,79883359,76932170,50.94,2011,75.0,72.0,72.0
Limitless,155564919,79249455,76315464,50.94,2011,69.0,59.0,74.0
Final Destination 5,155011165,42587643,112423522,27.47,2011,62.0,50.0,58.0
Jack and Jill,150519217,74158157,76361060,49.27,2011,3.0,23.0,33.0
Arthur Christmas,149717124,46462469,103254655,31.03,2011,92.0,69.0,71.0
No Strings Attached,149228078,70662220,78565858,47.35,2011,49.0,50.0,62.0
New Year's Eve,146850273,54544638,92305635,37.14,2011,7.0,22.0,57.0
Friends with Benefits,146595891,55802754,90793137,38.07,2011,68.0,63.0,65.0
Source Code,140428499,54712227,85716272,38.96,2011,92.0,74.0,75.0
The Three Musketeers,139877913,20377913,119500000,14.57,2011,26.0,35.0,57.0
Contagion,137551594,75658097,61893497,55.0,2011,84.0,70.0,66.0
Unknown,136123083,63686397,72436686,46.79,2011,55.0,56.0,68.0
The Artist,128256712,44667095,83589617,34.83,2011,95.0,89.0,79.0
The Adjustment Bureau,126931325,62495645,64435680,49.24,2011,71.0,60.0,70.0
We Bought a Zoo,118729073,75624550,43104523,63.7,2011,64.0,58.0,71.0
Water for Elephants,116809717,58709717,58100000,50.26,2011,60.0,52.0,69.0
Moneyball,111300835,75605492,35695343,67.93,2011,94.0,87.0,76.0
Sanctum,108957098,23209310,85747788,21.3,2011,30.0,42.0,59.0
Paul,101162106,37412945,63749161,36.98,2011,71.0,57.0,70.0
Justin Bieber: Never Say Never,99034125,73013910,26020215,73.73,2011,65.0,52.0,16.0
The Rite,97143987,33047633,64096354,34.02,2011,21.0,38.0,60.0
Dolphin Tale,96068724,72286779,23781945,75.24,2011,81.0,64.0,69.0
Scream 4,95989590,38180928,57808662,39.78,2011,60.0,52.0,61.0
Red Riding Hood,91678442,37662162,54016280,41.08,2011,10.0,29.0,54.0
Season of the Witch,91126600,24827228,66299372,27.24,2011,11.0,28.0,54.0
Sucker Punch,89758389,36392502,53365887,40.54,2011,22.0,33.0,60.0
Hall Pass,87173475,45060734,42112741,51.69,2011,33.0,45.0,58.0
The Lincoln Lawyer,87145086,58009200,29135886,66.57,2011,84.0,63.0,73.0
Abduction,86648359,28087155,58561204,32.42,2011,5.0,25.0,51.0
J. Edgar,84606030,37306030,47300000,44.09,2011,43.0,59.0,66.0
Priest,84154026,29136626,55017400,34.62,2011,15.0,41.0,57.0
"Big Mommas: Like Father, Like Son",82332450,37915414,44417036,46.05,2011,5.0,22.0,44.0
Tinker Tailor Soldier Spy,81452811,24149393,57303418,29.65,2011,83.0,85.0,71.0
Drive,81357930,35060689,46297241,43.09,2011,92.0,78.0,78.0
The Ides of March,77735925,40962534,36773391,52.69,2011,84.0,67.0,71.0
The Mechanic,76347393,29121498,47225895,38.14,2011,53.0,49.0,66.0
The Change-Up,75997067,37243418,38753649,49.01,2011,25.0,39.0,63.0
Diary of a Wimpy Kid: Rodrick Rules,73695194,52698535,20996659,71.51,2011,47.0,51.0,65.0
Colombiana,72295262,36665854,35629408,50.72,2011,28.0,45.0,64.0
The Dilemma,70546865,48475290,22071575,68.71,2011,24.0,46.0,53.0
Killer Elite,65409046,25124986,40284060,38.41,2011,26.0,44.0,65.0
Hanna,65343694,40259119,25084575,61.61,2011,72.0,65.0,68.0
Something Borrowed,65084116,39046489,26037627,59.99,2011,15.0,36.0,59.0
Conan the Barbarian,63356133,21295021,42061112,33.61,2011,25.0,36.0,52.0
Footloose,62989834,51802742,11187092,82.24,2011,68.0,58.0,59.0
The Darkest Hour,62831715,21443494,41388221,34.13,2011,12.0,18.0,49.0
The Tree of Life,61721826,13305665,48416161,21.56,2011,84.0,85.0,68.0
Larry Crowne,61449135,35608245,25840890,57.95,2011,36.0,41.0,61.0
The Avengers,1517935897,623279547,894656350,41.06,2012,92.0,69.0,80.0
Skyfall,1110526981,304360277,806166704,27.41,2012,92.0,81.0,77.0
The Dark Knight Rises,1084439099,448139099,636300000,41.32,2012,87.0,78.0,84.0
The Hobbit: An Unexpected Journey,1017003568,303003568,714000000,29.79,2012,64.0,58.0,78.0
Ice Age: Continental Drift,879765137,161321843,718443294,18.34,2012,37.0,49.0,66.0
The Amazing Spider-Man,757890267,262030663,495859604,34.57,2012,72.0,66.0,69.0
Madagascar 3: Europe's Most Wanted,746921271,216391482,530529789,28.97,2012,79.0,60.0,68.0
The Hunger Games,677923379,408010692,269912687,60.19,2012,84.0,68.0,72.0
Men in Black 3,654213485,179020854,475192631,27.36,2012,68.0,58.0,68.0
Life of Pi,620912003,124987022,495924981,20.13,2012,87.0,79.0,79.0
Ted,556016627,218665740,337350887,39.33,2012,68.0,62.0,69.0
Brave,554606532,237282182,317324350,42.78,2012,78.0,69.0,71.0
Wreck-It Ralph,496511521,189412677,307098844,38.15,2012,87.0,72.0,77.0
Django Unchained,449948323,162805434,287142889,36.18,2012,86.0,81.0,84.0
Prometheus,402448265,126477084,275971181,31.43,2012,73.0,64.0,70.0
Snow White and the Huntsman,401021746,155136755,245884991,38.69,2012,49.0,57.0,61.0
Hotel Transylvania,378505812,148313048,230192764,39.18,2012,44.0,47.0,71.0
Taken 2,377807404,139854287,237953117,37.02,2012,22.0,45.0,62.0
Journey 2: The Mysterious Island,318146162,103860290,214285872,32.65,2012,44.0,41.0,58.0
Battleship,313477717,65233400,248244317,20.81,2012,34.0,41.0,58.0
The Expendables 2,311979256,85028192,226951064,27.25,2012,68.0,51.0,66.0
Rise of the Guardians,306900902,103412758,203488144,33.7,2012,74.0,57.0,73.0
Wrath of the Titans,305270083,83670083,221600000,27.41,2012,27.0,37.0,57.0
John Carter,282778100,73058679,209719421,25.84,2012,52.0,51.0,66.0
The Bourne Legacy,280355920,113203870,167152050,40.38,2012,56.0,61.0,67.0
Lincoln,273346281,182207973,91138308,66.66,2012,89.0,86.0,73.0
Resident Evil: Retribution,240647629,42345531,198302098,17.6,2012,29.0,39.0,54.0
Dark Shadows,238202668,79727149,158475519,33.47,2012,36.0,55.0,62.0
American Reunion,236799211,56758835,180040376,23.97,2012,45.0,49.0,67.0
Silver Linings Playbook,236412453,132092958,104319495,55.87,2012,92.0,81.0,77.0
Argo,227140757,136025503,91115254,59.89,2012,96.0,86.0,77.0
Jack Reacher,217370736,80070736,137300000,36.84,2012,63.0,50.0,70.0
Total Recall,211856088,58877969,152978119,27.79,2012,31.0,43.0,63.0
Safe House,208542162,126181630,82360532,60.51,2012,52.0,52.0,67.0
21 Jump Street,202812429,138447667,64364762,68.26,2012,85.0,69.0,72.0
The Vow,197618160,125014030,72604130,63.26,2012,31.0,43.0,68.0
The Dictator,180148897,59650222,120498675,33.11,2012,57.0,58.0,64.0
Mirror Mirror,173613482,64935167,108678315,37.4,2012,50.0,46.0,56.0
Magic Mike,170549753,113721571,56828182,66.68,2012,80.0,72.0,61.0
Looper,170466405,66486205,103980200,39.0,2012,93.0,84.0,74.0
The Impossible,169590606,19019882,150570724,11.22,2012,82.0,73.0,76.0
Step Up Revolution,165552290,35074677,130477613,21.19,2012,42.0,43.0,64.0
Flight,160558438,93772375,66786063,58.4,2012,77.0,76.0,73.0
This Means War,156974557,54760791,102213766,34.89,2012,26.0,31.0,63.0
Paranormal Activity 4,142817992,53900335,88917657,37.74,2012,24.0,40.0,46.0
Abraham Lincoln: Vampire Hunter,137489730,37519139,99970591,27.29,2012,34.0,42.0,59.0
The Pirates! Band of Misfits,136143605,31051126,105092479,22.81,2012,86.0,73.0,67.0
Zero Dark Thirty,134612435,95720716,38891719,71.11,2012,92.0,95.0,74.0
Hope Springs,133085295,63536011,69549284,47.74,2012,76.0,65.0,63.0
Cloud Atlas,130673154,27108272,103564882,20.75,2012,66.0,55.0,74.0
The Woman in Black,128955898,54333290,74622608,42.13,2012,66.0,62.0,64.0
Chronicle,123681790,64575175,59106615,52.21,2012,85.0,69.0,71.0
Parental Guidance,120832383,77267296,43565087,63.95,2012,17.0,36.0,60.0
Pitch Perfect,116044347,65001093,51043254,56.01,2012,80.0,66.0,72.0
Think Like a Man,113373764,91547205,21826559,80.75,2012,54.0,51.0,66.0
ParaNorman,108119662,56003051,52116611,51.8,2012,88.0,72.0,70.0
The Campaign,104907746,86907746,18000000,82.84,2012,66.0,50.0,61.0
Project X,103028188,54731865,48296323,53.12,2012,28.0,48.0,66.0
The Devil Inside,101759490,53262945,48496545,52.34,2012,6.0,18.0,42.0
Contraband,98406855,66528000,31878855,67.61,2012,51.0,51.0,65.0
The Lucky One,96633833,60457138,36176695,62.56,2012,21.0,39.0,65.0
What to Expect When You're Expecting,88473016,41152203,47320813,46.51,2012,23.0,41.0,57.0
Sinister,87727807,48086903,39640904,54.81,2012,64.0,53.0,68.0
The Possession,82925064,49130588,33794476,59.25,2012,39.0,45.0,59.0
Savages,82513490,47323100,35190390,57.35,2012,51.0,59.0,65.0
Act of Valor,82497035,70012847,12484188,84.87,2012,26.0,40.0,65.0
Frankenweenie,81150788,35287788,45863000,43.48,2012,87.0,74.0,70.0
Diary of a Wimpy Kid: Dog Days,77229695,49008662,28221033,63.46,2012,52.0,54.0,63.0
To Rome with Love,74326015,16684352,57641663,22.45,2012,45.0,54.0,63.0
Here Comes the Boom,73239258,45290318,27948940,61.84,2012,40.0,40.0,64.0
Anna Karenina,71004627,12816367,58188260,18.05,2012,62.0,63.0,66.0
Moonrise Kingdom,68848446,45512466,23335980,66.11,2012,93.0,84.0,78.0
The Watch,67130045,34353000,32777045,51.17,2012,17.0,36.0,57.0
Frozen,1272469910,400738009,871731901,31.49,2013,90.0,74.0,75.0
Iron Man 3,1215392272,408992272,806400000,33.65,2013,79.0,62.0,72.0
Despicable Me 2,975216835,368065385,607151450,37.74,2013,75.0,62.0,74.0
The Hobbit: The Desolation of Smaug,960366855,258366855,702000000,26.9,2013,74.0,66.0,78.0
The Hunger Games: Catching Fire,864868047,424668047,440200000,49.1,2013,89.0,76.0,75.0
Monsters University,743588329,268488329,475100000,36.11,2013,80.0,65.0,73.0
Gravity,693698673,274092705,419605968,39.51,2013,96.0,96.0,77.0
Man of Steel,667999518,291045518,376954000,43.57,2013,56.0,55.0,71.0
Thor: The Dark World,644602516,206362140,438240376,32.01,2013,67.0,54.0,69.0
The Croods,573068425,187168425,385900000,32.66,2013,71.0,55.0,72.0
World War Z,531514650,202359711,329154939,38.07,2013,66.0,63.0,70.0
Oz the Great and Powerful,490359051,234770996,255588055,47.88,2013,58.0,44.0,63.0
Star Trek Into Darkness,467381584,228778661,238602923,48.95,2013,84.0,72.0,77.0
The Wolverine,416456852,132556852,283900000,31.83,2013,71.0,61.0,67.0
Pacific Rim,411002906,101802906,309200000,24.77,2013,72.0,65.0,69.0
The Wolf of Wall Street,389870414,116900694,272969720,29.98,2013,79.0,75.0,82.0
G.I. Joe: Retaliation,375740705,122523060,253217645,32.61,2013,29.0,41.0,58.0
The Great Gatsby,351040419,144840419,206200000,41.26,2013,48.0,55.0,73.0
The Smurfs 2,348547523,71017784,277529739,20.38,2013,14.0,34.0,53.0
Now You See Me,342769200,117723989,225045211,34.34,2013,50.0,50.0,73.0
The Conjuring,318000141,137400141,180600000,43.21,2013,85.0,68.0,75.0
A Good Day to Die Hard,304249198,67349198,236900000,22.14,2013,15.0,28.0,53.0
Oblivion,287916633,89107235,198809398,30.95,2013,53.0,54.0,70.0
Turbo,286896578,83028130,203868448,28.94,2013,67.0,58.0,64.0
Elysium,286192091,93050117,193141974,32.51,2013,66.0,61.0,66.0
Cloudy with a Chance of Meatballs 2,274392649,119793567,154599082,43.66,2013,71.0,59.0,64.0
We're the Millers,267816276,150394119,117422157,56.16,2013,47.0,44.0,70.0
Epic,262794441,107518682,155275759,40.91,2013,64.0,52.0,67.0
The Lone Ranger,260002115,89302115,170700000,34.35,2013,31.0,37.0,64.0
American Hustle,257878294,150117807,107760487,58.21,2013,93.0,90.0,72.0
After Earth,251499665,60522097,190977568,24.06,2013,11.0,33.0,48.0
Grown Ups 2,247023808,133668525,113355283,54.11,2013,7.0,19.0,54.0
The Heat,229727774,159581587,70146187,69.47,2013,64.0,60.0,66.0
Captain Phillips,220648184,107136417,113511767,48.56,2013,93.0,83.0,78.0
Hansel & Gretel: Witch Hunters,214949716,55703475,159246241,25.91,2013,14.0,23.0,61.0
White House Down,205440387,73103784,132336603,35.58,2013,51.0,52.0,64.0
Percy Jackson: Sea of Monsters,200859554,68559554,132300000,34.13,2013,42.0,39.0,58.0
Jack the Giant Slayer,197687603,65187603,132500000,32.98,2013,53.0,51.0,62.0
The Secret Life of Walter Mitty,187861183,58236838,129624345,31.0,2013,51.0,54.0,73.0
12 Years a Slave,181025343,56671993,124353350,31.31,2013,95.0,96.0,81.0
Lee Daniels' The Butler,177025498,116632095,60393403,65.88,2013,72.0,66.0,72.0
Identity Thief,175361578,134506920,40854658,76.7,2013,19.0,35.0,57.0
Olympus Has Fallen,172878928,98927592,73951336,57.22,2013,49.0,41.0,65.0
Anchorman 2: The Legend Continues,172185754,127352707,44833047,73.96,2013,75.0,61.0,63.0
47 Ronin,151716815,38362475,113354340,25.29,2013,15.0,28.0,62.0
Lone Survivor,149804632,125095601,24709031,83.51,2013,75.0,60.0,75.0
Mama,148095566,71628180,76467386,48.37,2013,64.0,57.0,62.0
RED 2,141507355,53262560,88244795,37.64,2013,44.0,47.0,66.0
2 Guns,132493015,75612460,56880555,57.07,2013,64.0,55.0,67.0
Ender's Game,127983283,61737191,66246092,48.24,2013,61.0,51.0,66.0
Warm Bodies,115121608,66380662,48740946,57.66,2013,82.0,60.0,69.0
Saving Mr. Banks,114962525,83299761,31662764,72.46,2013,79.0,65.0,75.0
Prisoners,113402302,61002302,52400000,53.79,2013,80.0,74.0,81.0
Last Vegas,112914167,63914167,49000000,56.6,2013,46.0,48.0,66.0
Free Birds,110387072,55750480,54636592,50.5,2013,18.0,38.0,59.0
Gangster Squad,104100903,46000903,58100000,44.19,2013,32.0,40.0,67.0
Escape Plan,103735965,25135965,78600000,24.23,2013,50.0,49.0,67.0
Blue Jasmine,102912961,33404871,69508090,32.46,2013,91.0,78.0,73.0
Philomena,98963392,37709979,61253413,38.1,2013,90.0,77.0,76.0
Rush,98230839,26947624,71283215,27.43,2013,88.0,75.0,81.0
Evil Dead,97778356,54239856,43538500,55.47,2013,62.0,57.0,65.0
42,97470701,95020213,2450488,97.49,2013,80.0,62.0,75.0
Riddick,94763758,42025135,52738623,44.35,2013,57.0,49.0,64.0
Safe Haven,94050951,71399120,22651831,75.92,2013,13.0,34.0,67.0
The Internship,93672764,44672764,49000000,47.69,2013,35.0,42.0,63.0
The Purge,91266581,64473115,26793466,70.64,2013,39.0,41.0,57.0
About Time,89309178,15323921,73985257,17.16,2013,69.0,55.0,78.0
Snowpiercer,88069880,4563029,83506851,5.18,2013,95.0,84.0,71.0
Carrie,82409520,35266619,47142901,42.79,2013,50.0,53.0,59.0
R.I.P.D.,79076678,33618855,45457823,42.51,2013,13.0,25.0,56.0
The Book Thief,76086711,21488481,54598230,28.24,2013,47.0,53.0,76.0
The Mortal Instruments: City of Bones,75965567,31165421,44800146,41.03,2013,14.0,33.0,59.0
The Best Man Holiday,72835710,70525195,2310515,96.83,2013,72.0,59.0,67.0
Delivery Man,70536870,30659817,39877053,43.47,2013,40.0,44.0,64.0
The Call,69821476,51872378,17949098,74.29,2013,45.0,51.0,67.0
Grudge Match,69807260,29807260,40000000,42.7,2013,31.0,35.0,64.0
Transformers: Age of Extinction,1104039076,245439076,858600000,22.23,2014,18.0,32.0,56.0
The Hobbit: The Battle of the Five Armies,945577621,255119788,690457833,26.98,2014,59.0,59.0,74.0
Guardians of the Galaxy,770867516,333172112,437695404,43.22,2014,91.0,76.0,81.0
The Hunger Games: Mockingjay - Part 1,766575131,337135885,429439246,43.98,2014,69.0,64.0,66.0
Maleficent,758536735,241407328,517129407,31.83,2014,53.0,56.0,70.0
X-Men: Days of Future Past,747862775,233921534,513941241,31.28,2014,90.0,75.0,80.0
Captain America: The Winter Soldier,714401889,259746958,454654931,36.36,2014,90.0,70.0,78.0
Dawn of the Planet of the Apes,710644566,208545589,502098977,29.35,2014,91.0,79.0,76.0
The Amazing Spider-Man 2,708996336,202853933,506142403,28.61,2014,52.0,53.0,66.0
Interstellar,665299250,188017894,477281356,28.26,2014,72.0,74.0,86.0
Big Hero 6,652127828,222527828,429600000,34.12,2014,89.0,74.0,78.0
How to Train Your Dragon 2,614586270,177002924,437583346,28.8,2014,92.0,76.0,78.0
American Sniper,547326372,350126372,197200000,63.97,2014,72.0,72.0,73.0
Godzilla,529076069,200676069,328400000,37.93,2014,75.0,62.0,64.0
Rio 2,492846291,131538435,361307856,26.69,2014,48.0,49.0,63.0
Teenage Mutant Ninja Turtles,485004754,191204754,293800000,39.42,2014,22.0,31.0,58.0
The Lego Movie,457729388,257784718,199944670,56.32,2014,96.0,83.0,78.0
Lucy,457507776,126573960,330933816,27.67,2014,67.0,61.0,64.0
Edge of Tomorrow,370541256,100206256,270335000,27.04,2014,90.0,71.0,79.0
Gone Girl,368567189,167767189,200800000,45.52,2014,87.0,79.0,81.0
Penguins of Madagascar,366942531,83350911,283591620,22.71,2014,73.0,53.0,67.0
Night at the Museum: Secret of the Tomb,353756621,113746621,240010000,32.15,2014,47.0,47.0,62.0
Noah,352831065,101200044,251631021,28.68,2014,76.0,68.0,58.0
The Maze Runner,348319861,102427862,245891999,29.41,2014,65.0,57.0,68.0
22 Jump Street,331333876,191719337,139614539,57.86,2014,84.0,71.0,70.0
300: Rise of an Empire,330780051,106580051,224200000,32.22,2014,45.0,48.0,62.0
The Fault in Our Stars,307166834,124872350,182294484,40.65,2014,81.0,69.0,77.0
Divergent,276014965,150947895,125067070,54.69,2014,42.0,48.0,67.0
Neighbors,270944428,150086800,120857628,55.39,2014,72.0,68.0,63.0
Mr. Peabody & Sherman,269806430,111506430,158300000,41.33,2014,81.0,59.0,68.0
Exodus: Gods and Kings,268314513,65014513,203300000,24.23,2014,30.0,52.0,60.0
Paddington,258789097,76223578,182565519,29.45,2014,97.0,77.0,72.0
Annabelle,256862920,84273813,172589107,32.81,2014,29.0,37.0,54.0
The Taking of Tiger Mountain,255982933,222964,255759969,0.09,2014,73.0,61.0,65.0
Hercules,243388614,72688614,170700000,29.87,2014,57.0,47.0,60.0
RoboCop,242981799,58607007,184374792,24.12,2014,49.0,52.0,62.0
The Imitation Game,227740463,91125143,136615320,40.01,2014,89.0,73.0,80.0
Non-Stop,222383055,91742160,130640895,41.25,2014,61.0,56.0,70.0
Dracula Untold,220241723,55991880,164249843,25.42,2014,24.0,40.0,63.0
Into the Woods,213116401,128002372,85114029,60.06,2014,71.0,69.0,59.0
Fury,210315681,85817906,124497775,40.8,2014,76.0,64.0,76.0
The Expendables 3,209461378,39322544,170138834,18.77,2014,32.0,35.0,61.0
The Other Woman,195111193,83911193,111200000,43.01,2014,25.0,39.0,60.0
Need for Speed,194169619,43568507,150601112,22.44,2014,22.0,39.0,65.0
The Equalizer,192903624,101530738,91372886,52.63,2014,59.0,57.0,72.0
The Grand Budapest Hotel,163981261,59076019,104905242,36.03,2014,91.0,88.0,81.0
Unbroken,163527824,115637895,47889929,70.71,2014,51.0,59.0,72.0
The Monuments Men,158702748,78031620,80671128,49.17,2014,31.0,52.0,61.0
Dumb and Dumber To,156553592,86208010,70345582,55.07,2014,30.0,36.0,56.0
Ride Along,153733800,134202565,19531235,87.3,2014,18.0,41.0,62.0
Into the Storm,150429371,47602194,102827177,31.64,2014,21.0,44.0,58.0
Annie,139829625,85911262,53918363,61.44,2014,28.0,33.0,53.0
Let's Be Cops,136890774,82390774,54500000,60.19,2014,19.0,30.0,64.0
Jack Ryan: Shadow Recruit,131377412,50577412,80800000,38.5,2014,55.0,57.0,62.0
Blended,127990741,46290741,81700000,36.17,2014,14.0,31.0,65.0
Sex Tape,126069509,38543473,87526036,30.57,2014,16.0,36.0,51.0
The Theory of Everything,123327692,35893537,87434155,29.1,2014,79.0,72.0,77.0
The Nut Job,122529966,64251538,58278428,52.44,2014,12.0,37.0,57.0
The Boxtrolls,111946251,50837305,61108946,45.41,2014,77.0,61.0,68.0
The Purge: Anarchy,111534881,71562550,39972331,64.16,2014,56.0,50.0,64.0
Seventh Son,108874967,17725785,91149182,16.28,2014,11.0,30.0,55.0
Pompeii,108469033,23169033,85300000,21.36,2014,27.0,39.0,55.0
Horrible Bosses 2,105945357,54445357,51500000,51.39,2014,34.0,40.0,63.0
Ouija,103300632,50856010,52444622,49.23,2014,6.0,38.0,45.0
Birdman or (The Unexpected Virtue of Ignorance),103215094,42340598,60874496,41.02,2014,91.0,87.0,77.0
Transcendence,103039258,23022309,80016949,22.34,2014,20.0,42.0,63.0
The Book of Life,97651543,50151543,47500000,51.36,2014,82.0,67.0,73.0
Tammy,96407655,84525432,11882223,87.68,2014,24.0,39.0,49.0
The Hundred-Foot Journey,94270488,54235441,40035047,57.53,2014,66.0,55.0,73.0
Paranormal Activity: The Marked Ones,90904854,32462372,58442482,35.71,2014,39.0,42.0,50.0
Deliver Us from Evil,87956618,30577122,57379496,34.76,2014,28.0,40.0,62.0
Muppets Most Wanted,79312301,51178893,28133408,64.53,2014,79.0,61.0,64.0
If I Stay,78356170,50474843,27881327,64.42,2014,36.0,46.0,67.0
Step Up All In,77804384,14904384,62900000,19.16,2014,42.0,45.0,60.0
John Wick,76206239,43037835,33168404,56.48,2014,87.0,68.0,74.0
The Judge,76119388,47119388,29000000,61.9,2014,48.0,48.0,74.0
"I, Frankenstein",74575290,19075290,55500000,25.58,2014,5.0,30.0,51.0
Brick Mansions,73421224,20396829,53024395,27.78,2014,26.0,40.0,57.0
Jurassic World,1648854864,652270625,996584239,39.56,2015,72.0,59.0,70.0
Furious 7,1518722794,353007020,1165715774,23.24,2015,81.0,67.0,72.0
Avengers: Age of Ultron,1403013963,459005868,944008095,32.72,2015,75.0,66.0,73.0
Minions,1160336173,336045770,824290403,28.96,2015,55.0,56.0,64.0
Spectre,879620923,200074175,679546748,22.75,2015,63.0,60.0,68.0
Inside Out,854235992,356461711,497774281,41.73,2015,98.0,94.0,82.0
The Martian,655271443,228433663,426837780,34.86,2015,91.0,80.0,80.0
The Hunger Games: Mockingjay - Part 2,648986787,281723902,367262885,43.41,2015,70.0,65.0,65.0
Fifty Shades of Grey,570998101,166167230,404830871,29.1,2015,24.0,46.0,41.0
Cinderella,534551353,201151353,333400000,37.63,2015,85.0,67.0,69.0
The Revenant,532938302,183637894,349300408,34.46,2015,79.0,76.0,80.0
Ant-Man,518858449,180202163,338656286,34.73,2015,83.0,64.0,73.0
Hotel Transylvania 2,469500298,169700110,299800188,36.14,2015,56.0,44.0,67.0
San Andreas,456258539,155190832,301067707,34.01,2015,50.0,43.0,60.0
Home,385997896,177397510,208600386,45.96,2015,50.0,55.0,66.0
Mad Max: Fury Road,370098020,153636354,216461666,41.51,2015,97.0,90.0,81.0
The Good Dinosaur,333771037,123087120,210683917,36.88,2015,76.0,66.0,67.0
The SpongeBob Movie: Sponge Out of Water,311013181,162994032,148019149,52.41,2015,81.0,62.0,60.0
Maze Runner: The Scorch Trials,310566162,81697192,228868970,26.31,2015,46.0,43.0,63.0
Pitch Perfect 2,287625468,184296230,103329238,64.08,2015,66.0,63.0,64.0
The Peanuts Movie,250091610,130178411,119913199,52.05,2015,87.0,67.0,71.0
Alvin and the Chipmunks: The Road Chip,249517956,85886987,163630969,34.42,2015,15.0,33.0,50.0
Pixels,244041804,78765986,165275818,32.28,2015,16.0,27.0,56.0
Daddy's Home,242757137,150357137,92400000,61.94,2015,31.0,42.0,62.0
Everest,221297061,43482270,177814791,19.65,2015,73.0,64.0,71.0
Ted 2,217214143,81476385,135737758,37.51,2015,45.0,48.0,63.0
Tomorrowland,206627518,93436322,113191196,45.22,2015,50.0,60.0,64.0
Straight Outta Compton,202182981,161197785,40985196,79.73,2015,88.0,72.0,79.0
The Intern,197115710,75764672,121351038,38.44,2015,60.0,51.0,71.0
Jupiter Ascending,181982519,47482519,134500000,26.09,2015,27.0,40.0,53.0
Creed,173567581,109767581,63800000,63.24,2015,95.0,82.0,76.0
Focus,168065700,53862963,114202737,32.05,2015,56.0,56.0,66.0
Bridge of Spies,162498338,72313754,90184584,44.5,2015,91.0,81.0,76.0
Goosebumps,158905324,80069458,78835866,50.39,2015,78.0,60.0,63.0
Pan,151525973,35088320,116437653,23.16,2015,27.0,36.0,58.0
The Hateful Eight,147864886,54117416,93747470,36.6,2015,74.0,68.0,78.0
Trainwreck,141123897,110212700,30911197,78.1,2015,85.0,75.0,62.0
The Big Short,133162752,70259870,62902882,52.76,2015,88.0,81.0,78.0
The Last Witch Hunter,130818912,27367660,103451252,20.92,2015,17.0,34.0,60.0
Point Break,126704591,28782481,97922110,22.72,2015,10.0,34.0,53.0
Magic Mike XXL,123660597,66013057,57647540,53.38,2015,66.0,60.0,56.0
Paul Blart: Mall Cop 2,107650646,71091594,36559052,66.04,2015,5.0,13.0,44.0
Get Hard,106511453,90411453,16100000,84.88,2015,28.0,34.0,60.0
Sisters,106030660,87044645,18986015,82.09,2015,60.0,58.0,60.0
Chappie,105002056,31569268,73432788,30.07,2015,32.0,41.0,68.0
Vacation,102306500,58884188,43422312,57.56,2015,27.0,34.0,61.0
The Little Prince,102028919,1311213,100717706,1.29,2015,93.0,70.0,77.0
Joy,101134059,56451232,44682827,55.82,2015,60.0,56.0,66.0
Black Mass,98837872,62575678,36262194,63.31,2015,73.0,68.0,69.0
The Visit,98677816,65206105,33471711,66.08,2015,67.0,55.0,62.0
Assassination,96933361,1904682,95028679,1.96,2015,83.0,64.0,73.0
Poltergeist,95713069,47425125,48287944,49.55,2015,31.0,47.0,49.0
Southpaw,94156456,52421953,41734503,55.68,2015,60.0,57.0,74.0
Spotlight,92088460,45055776,47032684,48.93,2015,97.0,93.0,81.0
The Second Best Exotic Marigold Hotel,90384306,33078266,57306040,36.6,2015,65.0,51.0,65.0
In the Heart of the Sea,89693309,25020758,64672551,27.9,2015,43.0,47.0,69.0
Paper Towns,85450484,32000304,53450180,37.45,2015,57.0,56.0,63.0
Sicario,84393749,46889293,37504456,55.56,2015,92.0,82.0,76.0
Hitman: Agent 47,82182803,22467450,59715353,27.34,2015,9.0,28.0,57.0
The Wedding Ringer,80171596,64460211,15711385,80.4,2015,27.0,35.0,66.0
Paranormal Activity: The Ghost Dimension,77959374,18297124,59662250,23.47,2015,14.0,30.0,46.0
Crimson Peak,74966854,31090320,43876534,41.47,2015,73.0,66.0,65.0
War Room,73975239,67790117,6185122,91.64,2015,33.0,26.0,65.0
The Transporter Refueled,69698495,16029670,53668825,23.0,2015,16.0,32.0,52.0
The Age of Adaline,68984536,42629776,26354760,61.8,2015,56.0,51.0,72.0
Captain America: Civil War,1140069413,408084349,731985064,35.79,2016,91.0,75.0,78.0
Rogue One: A Star Wars Story,1049102856,532177324,516925532,50.73,2016,84.0,65.0,78.0
Finding Dory,1021215193,486295561,534919632,47.62,2016,94.0,77.0,73.0
Zootopia,1019429616,341268248,678161368,33.48,2016,97.0,78.0,80.0
The Jungle Book,962854547,364001123,598853424,37.8,2016,95.0,77.0,74.0
The Secret Life of Pets,886606412,368384330,518222082,41.55,2016,73.0,61.0,65.0
Batman v Superman: Dawn of Justice,867500281,330360194,537140087,38.08,2016,28.0,44.0,65.0
Fantastic Beasts and Where to Find Them,802402853,234037575,568365278,29.17,2016,74.0,66.0,73.0
Deadpool,801025593,363070709,437954884,45.33,2016,84.0,65.0,80.0
Suicide Squad,746059887,325100054,420959833,43.58,2016,27.0,40.0,60.0
Doctor Strange,676404566,232641920,443762646,34.39,2016,89.0,72.0,75.0
Moana,637517365,248757044,388760321,39.02,2016,96.0,81.0,76.0
Sing,634454789,270329045,364125744,42.61,2016,72.0,59.0,71.0
X-Men: Apocalypse,542537546,155442489,387095057,28.65,2016,47.0,52.0,70.0
Kung Fu Panda 3,517599142,143528619,374070523,27.73,2016,87.0,66.0,71.0
La La Land,426351163,151101803,275249360,35.44,2016,91.0,93.0,80.0
Jason Bourne,416168316,162192920,253975396,38.97,2016,55.0,58.0,66.0
Ice Age: Collision Course,402156682,64063008,338093674,15.93,2016,17.0,34.0,57.0
Independence Day: Resurgence,384169424,103144286,281025138,26.85,2016,29.0,32.0,52.0
The Angry Birds Movie,352327887,107509366,244818521,30.51,2016,44.0,43.0,63.0
The Legend of Tarzan,348902025,126643061,222258964,36.3,2016,36.0,44.0,62.0
Trolls,344150134,153707064,190443070,44.66,2016,75.0,56.0,65.0
Star Trek Beyond,335802233,158848340,176953893,47.3,2016,86.0,68.0,71.0
The Great Wall,334486852,45157105,289329747,13.5,2016,36.0,42.0,59.0
Now You See Me 2,328325007,65075540,263249467,19.82,2016,34.0,46.0,65.0
Resident Evil: The Final Chapter,314101190,26844692,287256498,8.55,2016,37.0,49.0,55.0
Passengers,302239672,100014699,202224973,33.09,2016,30.0,41.0,70.0
Miss Peregrine's Home for Peculiar Children,295986876,87242834,208744042,29.48,2016,64.0,57.0,67.0
Alice Through the Looking Glass,276928112,77042381,199885731,27.82,2016,29.0,34.0,62.0
Teenage Mutant Ninja Turtles: Out of the Shadows,245328374,82051601,163276773,33.45,2016,37.0,40.0,60.0
Assassin's Creed,240759682,54647948,186111734,22.7,2016,18.0,36.0,57.0
Sully,238524556,125070033,113454523,52.43,2016,85.0,74.0,74.0
Hidden Figures,231771716,169607287,62164429,73.18,2016,93.0,74.0,78.0
Ghostbusters,229008658,128350574,100658084,56.05,2016,74.0,60.0,52.0
Inferno,219519367,34343574,185175793,15.64,2016,23.0,42.0,62.0
Central Intelligence,217194805,127440871,89753934,58.68,2016,71.0,52.0,63.0
Me Before You,208265198,56245075,152020123,27.01,2016,55.0,51.0,74.0
Bridget Jones's Baby,205822688,24139805,181682883,11.73,2016,78.0,59.0,65.0
Arrival,203127894,100546139,102581755,49.5,2016,94.0,81.0,79.0
The BFG,199646680,55483770,144162910,27.79,2016,75.0,66.0,64.0
London Has Fallen,195194085,62524260,132669825,32.03,2016,26.0,28.0,59.0
Storks,183353431,72679278,110674153,39.64,2016,66.0,56.0,68.0
Bad Moms,180998716,113257297,67741419,62.57,2016,58.0,60.0,62.0
The Girl on the Train,174278214,75395035,98883179,43.26,2016,44.0,48.0,65.0
Hacksaw Ridge,168904682,67209615,101695067,39.79,2016,85.0,71.0,81.0
The Huntsman: Winter's War,165149302,48003015,117146287,29.07,2016,18.0,35.0,61.0
The Magnificent Seven,162525156,93432655,69092501,57.49,2016,64.0,54.0,69.0
Jack Reacher: Never Go Back,159946489,58697076,101249413,36.7,2016,38.0,47.0,61.0
Don't Breathe,158973685,89217875,69755810,56.12,2016,88.0,71.0,71.0
The Accountant,152962083,86260045,66702038,56.39,2016,51.0,51.0,73.0
Lion,149570720,51739495,97831225,34.59,2016,85.0,69.0,80.0
Lights Out,148806510,67268835,81537675,45.21,2016,76.0,58.0,63.0
Sausage Party,141344255,97670358,43673897,69.1,2016,83.0,66.0,62.0
Gods of Egypt,138836756,31153464,107683292,22.44,2016,16.0,25.0,54.0
Pete's Dragon,137768975,76233151,61535824,55.33,2016,88.0,71.0,67.0
Skiptrace,131202537,1792,131200745,0.0,2016,38.0,50.0,57.0
Ride Along 2,124827316,90862685,33964631,72.79,2016,13.0,32.0,59.0
Deepwater Horizon,122603824,61433527,61170297,50.11,2016,83.0,68.0,71.0
Allied,119266661,40098064,79168597,33.62,2016,60.0,60.0,71.0
The Shallows,118763442,55121623,63641819,46.41,2016,79.0,59.0,63.0
The Purge: Election Year,118514727,79042440,39472287,66.69,2016,55.0,55.0,60.0
Why Him?,117425156,60323786,57101370,51.37,2016,39.0,39.0,62.0
The 5th Wave,111336398,34912982,76423416,31.36,2016,15.0,33.0,52.0
Mechanic: Resurrection,109738840,21218403,88520437,19.34,2016,32.0,38.0,57.0
Neighbors 2: Sorority Rising,108757621,55340730,53416891,50.88,2016,63.0,58.0,57.0
10 Cloverfield Lane,108286422,72082999,36203423,66.57,2016,90.0,76.0,72.0
Dirty Grandpa,105078449,35593113,69485336,33.87,2016,11.0,21.0,59.0
Money Monster,93466095,41012075,52454020,43.88,2016,58.0,55.0,65.0
My Big Fat Greek Wedding 2,92096558,59689605,32406953,64.81,2016,28.0,37.0,60.0
Ben-Hur,91669648,26410477,65259171,28.81,2016,24.0,38.0,57.0
Office Christmas Party,91323299,54767494,36555805,59.97,2016,41.0,42.0,58.0
War Dogs,86234503,43034523,43199980,49.9,2016,61.0,57.0,71.0
Collateral Beauty,85309093,31016021,54293072,36.36,2016,14.0,23.0,68.0
Ouija: Origin of Evil,81831866,35144505,46687361,42.95,2016,82.0,65.0,61.0
Underworld: Blood Wars,81209222,30353973,50855249,37.38,2016,19.0,23.0,58.0
The Boss,78652207,63077560,15574647,80.2,2016,22.0,40.0,54.0
Manchester by the Sea,77733867,47695371,30038496,61.36,2016,96.0,96.0,78.0
Kubo and the Two Strings,77548122,48023088,29525034,61.93,2016,97.0,84.0,78.0
Mike and Dave Need Wedding Dates,75898100,46009673,29888427,60.62,2016,37.0,51.0,60.0
Beauty and the Beast,1259199706,504014165,755185541,40.03,2017,71.0,65.0,72.0
The Fate of the Furious,1234846267,225764765,1009081502,18.28,2017,67.0,56.0,67.0
Despicable Me 3,1034724710,264624300,770100410,25.57,2017,58.0,49.0,63.0
Jumanji: Welcome to the Jungle,964496193,404508916,559987277,41.94,2017,76.0,58.0,69.0
Spider-Man: Homecoming,880166350,334201140,545965210,37.97,2017,92.0,73.0,75.0
Thor: Ragnarok,846980024,315058289,531921735,37.2,2017,93.0,74.0,79.0
Wonder Woman,821133378,412563408,408569970,50.24,2017,93.0,76.0,74.0
Coco,798001982,209726015,588275967,26.28,2017,97.0,81.0,84.0
Pirates of the Caribbean: Dead Men Tell No Tales,788241137,172558876,615682261,21.89,2017,29.0,39.0,66.0
It,697370071,327481748,369888323,46.96,2017,86.0,69.0,74.0
Justice League,655945209,229024295,426920914,34.92,2017,40.0,45.0,64.0
Logan,615461394,226277068,389184326,36.77,2017,93.0,77.0,81.0
Transformers: The Last Knight,602893340,130168683,472724657,21.59,2017,15.0,27.0,52.0
Kong: Skull Island,561072059,168052812,393019247,29.95,2017,75.0,62.0,66.0
The Boss Baby,510878762,175003033,335875729,34.26,2017,52.0,50.0,63.0
Dunkirk,499837368,190068280,309769088,38.03,2017,92.0,94.0,79.0
War for the Planet of the Apes,489592267,146880162,342712105,30.0,2017,94.0,82.0,74.0
The Mummy,409953905,80101125,329852780,19.54,2017,16.0,34.0,55.0
Kingsman: The Golden Circle,408803696,100234838,308568858,24.52,2017,52.0,44.0,68.0
The Greatest Showman,386665550,174340174,212325376,45.09,2017,56.0,48.0,76.0
Cars 3,383541369,152901115,230640254,39.87,2017,69.0,59.0,67.0
Fifty Shades Darker,381398492,114434010,266964482,30.0,2017,11.0,33.0,46.0
Murder on the Orient Express,345922730,102826543,243096187,29.73,2017,60.0,52.0,65.0
xXx: Return of Xander Cage,345033359,44898413,300134946,13.01,2017,45.0,42.0,52.0
The Lego Batman Movie,310660018,175750384,134909634,56.57,2017,90.0,75.0,73.0
Annabelle: Creation,305384865,102092201,203292664,33.43,2017,71.0,62.0,65.0
Wonder,304604712,132422809,172181903,43.47,2017,85.0,66.0,80.0
Ferdinand,289838913,84410380,205428533,29.12,2017,71.0,58.0,67.0
Blade Runner 2049,259357408,92054159,167303249,35.49,2017,87.0,81.0,80.0
Get Out,255367951,176040665,79327286,68.94,2017,98.0,84.0,77.0
Alien: Covenant,238521247,74262031,164259216,31.13,2017,66.0,65.0,64.0
Baby Driver,228104185,107825862,120278323,47.27,2017,93.0,86.0,76.0
Geostorm,220796009,33700160,187095849,15.26,2017,16.0,21.0,53.0
The Emoji Movie,216564840,86089513,130475327,39.75,2017,7.0,12.0,32.0
Valerian and the City of a Thousand Planets,215098356,40479370,174618986,18.82,2017,48.0,51.0,65.0
A Dog's Purpose,203671625,64321890,139349735,31.58,2017,35.0,43.0,71.0
Smurfs: The Lost Village,197578586,45020282,152558304,22.79,2017,40.0,40.0,60.0
The Shape of Water,195790794,63859435,131931359,32.62,2017,92.0,87.0,73.0
Pitch Perfect 3,185736412,104897530,80838882,56.48,2017,30.0,40.0,58.0
The Post,179748880,81903458,97845422,45.57,2017,88.0,83.0,72.0
Baywatch,175863783,58060186,117803597,33.01,2017,18.0,37.0,55.0
Daddy's Home 2,175807183,104029443,71777740,59.17,2017,21.0,30.0,60.0
The Hitman's Bodyguard,172778667,75468583,97310084,43.68,2017,43.0,47.0,69.0
Ghost in the Shell,167910690,40563557,127347133,24.16,2017,43.0,52.0,64.0
"Three Billboards Outside Ebbing, Missouri",160191915,54513740,105678175,34.03,2017,90.0,88.0,82.0
Darkest Hour,150807172,56443120,94364052,37.43,2017,85.0,75.0,74.0
Power Rangers,142531552,85364450,57167102,59.89,2017,50.0,44.0,59.0
Girls Trip,140886353,115108515,25777838,81.7,2017,91.0,71.0,62.0
The Foreigner,140783360,34393507,106389853,24.43,2017,65.0,55.0,70.0
King Arthur: Legend of the Sword,139630336,39175066,100455270,28.06,2017,31.0,41.0,68.0
American Made,135569212,51342000,84227212,37.87,2017,86.0,65.0,71.0
A Bad Moms Christmas,127710550,72110659,55599891,56.46,2017,32.0,42.0,55.0
Captain Underpants: The First Epic Movie,126577874,73921000,52656874,58.4,2017,88.0,69.0,62.0
Happy Death Day,125010260,55683845,69326415,44.54,2017,71.0,58.0,65.0
The Lego Ninjago Movie,122737201,59281555,63455646,48.3,2017,55.0,55.0,60.0
The Dark Tower,113461527,50701325,62760202,44.69,2017,15.0,34.0,56.0
Jigsaw,104223315,38052832,66170483,36.51,2017,33.0,39.0,58.0
Life,100929666,30234022,70695644,29.96,2017,67.0,54.0,66.0
Atomic Blonde,98345423,51573925,46771498,52.44,2017,78.0,63.0,67.0
The Shack,96908458,57386418,39522040,59.22,2017,20.0,32.0,63.0
Rings,82917283,27793018,55124265,33.52,2017,8.0,25.0,45.0
Going in Style,78672579,45018541,33654038,57.22,2017,82.0,50.0,66.0
Lady Bird,78610769,48958273,29652496,62.28,2017,99.0,94.0,74.0
American Assassin,68310140,36249674,32060466,53.07,2017,35.0,45.0,62.0
The Star,62758010,40847995,21910015,65.09,2017,42.0,42.0,61.0
47 Meters Down,62633705,44307193,18326512,70.74,2017,54.0,52.0,56.0
The Mountain Between Us,62617547,30348555,32268992,48.47,2017,39.0,48.0,64.0
How to Be a Latin Lover,62556228,32149404,30406824,51.39,2017,38.0,54.0,59.0
"Everything, Everything",61603136,34121140,27481996,55.39,2017,45.0,52.0,64.0
My Little Pony: The Movie,61294644,21885107,39409537,35.7,2017,48.0,39.0,61.0
Avengers: Infinity War,2048134200,678815482,1369318718,33.14,2018,85.0,68.0,85.0
Black Panther,1348258224,700059566,648198658,51.92,2018,96.0,88.0,73.0
Jurassic World: Fallen Kingdom,1305772799,417719760,888053039,31.99,2018,48.0,51.0,62.0
Incredibles 2,1242507764,608581744,633926020,48.98,2018,94.0,80.0,77.0
Aquaman,1146894640,335061807,811832833,29.21,2018,66.0,55.0,70.0
Bohemian Rhapsody,893017661,216303339,676714322,24.22,2018,61.0,49.0,80.0
Deadpool 2,786680557,324591735,462088822,41.26,2018,83.0,66.0,77.0
Fantastic Beasts: The Crimes of Grindelwald,652220086,159555901,492664185,24.46,2018,37.0,52.0,66.0
Ant-Man and the Wasp,623144660,216648740,406495920,34.77,2018,88.0,70.0,71.0
Ready Player One,579290136,137690172,441599964,23.77,2018,72.0,64.0,75.0
The Meg,529530715,145443742,384086973,27.47,2018,46.0,46.0,57.0
Hotel Transylvania 3: Summer Vacation,527060998,167500092,359560906,31.78,2018,62.0,54.0,63.0
Bumblebee,465195589,127195589,338000000,27.34,2018,93.0,66.0,68.0
Rampage,428056280,101028233,327028047,23.6,2018,52.0,45.0,61.0
Solo: A Star Wars Story,393151347,213767512,179383835,54.37,2018,70.0,62.0,70.0
Fifty Shades Freed,371350619,100407760,270942859,27.04,2018,12.0,31.0,45.0
The Nun,363676447,117450119,246226328,32.3,2018,26.0,46.0,54.0
Peter Rabbit,347132280,115234093,231898187,33.2,2018,64.0,51.0,65.0
Mary Poppins Returns,340246439,171958438,168288001,50.54,2018,79.0,66.0,68.0
A Quiet Place,336157526,188024361,148133165,55.93,2018,95.0,82.0,75.0
Green Book,322578786,85080171,237498615,26.38,2018,78.0,69.0,82.0
Skyscraper,304115534,68420120,235695414,22.5,2018,47.0,51.0,58.0
Pacific Rim: Uprising,290930148,59874525,231055623,20.58,2018,44.0,44.0,56.0
Tomb Raider,273477501,58250803,215226698,21.3,2018,52.0,48.0,63.0
Maze Runner: The Death Cure,265878536,58032443,207846093,21.83,2018,43.0,50.0,62.0
Crazy Rich Asians,238099711,174532921,63566790,73.3,2018,91.0,74.0,69.0
Smallfoot,213686569,83240103,130446466,38.95,2018,76.0,60.0,66.0
Creed II,213591522,115715889,97875633,54.18,2018,84.0,66.0,72.0
The Equalizer 2,190453132,102084362,88368770,53.6,2018,51.0,50.0,67.0
The Mule,174204407,103804407,70400000,59.59,2018,70.0,58.0,70.0
Insidious: The Last Key,172811971,67745330,105066641,39.2,2018,33.0,49.0,57.0
The Nutcracker and the Four Realms,170293899,54858851,115435048,32.21,2018,33.0,39.0,55.0
The Predator,159487563,51024708,108462855,31.99,2018,32.0,48.0,54.0
Johnny English Strikes Again,159419666,4412170,155007496,2.77,2018,37.0,39.0,62.0
Red Sparrow,145951861,46874505,99077356,32.12,2018,45.0,53.0,66.0
The First Purge,137054597,69488745,67565852,50.7,2018,54.0,54.0,51.0
A Wrinkle in Time,133401882,100478608,32923274,75.32,2018,42.0,53.0,42.0
Instant Family,119736188,67363237,52372951,56.26,2018,81.0,57.0,73.0
Game Night,117378084,69179066,48199018,58.94,2018,85.0,66.0,69.0
First Man,105213813,44936545,60277268,42.71,2018,87.0,84.0,73.0
Night School,103008792,77339130,25669662,75.08,2018,27.0,43.0,56.0
The Commuter,101985431,36343858,65641573,35.64,2018,56.0,56.0,63.0
Alpha,99624873,35851379,63773494,35.99,2018,80.0,63.0,67.0
A Simple Favor,97628717,53548586,44080131,54.85,2018,85.0,67.0,68.0
Truth or Dare,95127344,41411015,53716329,43.53,2018,15.0,35.0,51.0
The Favourite,94069024,34366783,59702241,36.53,2018,93.0,90.0,76.0
Blockers,94045328,60311495,33733833,64.13,2018,83.0,69.0,62.0
Goosebumps 2: Haunted Halloween,93291478,46697321,46594157,50.06,2018,48.0,53.0,56.0
BlacKkKlansman,93112059,49275340,43836719,52.92,2018,96.0,83.0,75.0
I Feel Pretty,91553797,48795601,42758196,53.3,2018,36.0,48.0,55.0
Book Club,91309403,68566296,22743107,75.09,2018,54.0,53.0,61.0
Sherlock Gnomes,87527651,43242871,44284780,49.4,2018,27.0,36.0,51.0
I Can Only Imagine,85642586,83482352,2160234,97.48,2018,61.0,30.0,74.0
Overboard,85369830,50316123,35053707,58.94,2018,24.0,42.0,60.0
Mortal Engines,85287417,15951040,69336377,18.7,2018,27.0,44.0,61.0
Hereditary,81301558,44069456,37232102,54.2,2018,89.0,87.0,73.0
Den of Thieves,80131391,44947622,35183769,56.09,2018,41.0,49.0,70.0
The Spy Who Dumped Me,77109957,33562069,43547888,43.52,2018,49.0,52.0,60.0
Tag,77024944,54730625,22294319,71.06,2018,56.0,56.0,65.0
Sicario: Day of the Soldado,75885196,50065850,25819346,65.98,2018,63.0,61.0,71.0
Searching,75371276,26015149,49356127,34.52,2018,92.0,71.0,77.0
Avengers: Endgame,2795409509,858367305,1937042204,30.71,2019,94.0,78.0,86.0
The Lion King,1599378019,529478019,1069900000,33.11,2019,53.0,55.0,71.0
Captain Marvel,1126129839,426829839,699300000,37.9,2019,78.0,64.0,70.0
Toy Story 4,1053342828,431842828,621500000,41.0,2019,97.0,84.0,82.0
Fast & Furious Presents: Hobbs & Shaw,722355509,164598080,557757429,22.79,2019,66.0,60.0,68.0
How to Train Your Dragon: The Hidden World,519235419,160799505,358435914,30.97,2019,91.0,71.0,75.0
The Secret Life of Pets 2,425196237,158118645,267077592,37.19,2019,60.0,55.0,65.0
Alita: Battle Angel,402971268,85710210,317261058,21.27,2019,60.0,53.0,74.0
Godzilla: King of the Monsters,383299915,110500138,272799777,28.83,2019,41.0,48.0,62.0
Shazam!,363664533,140371656,223292877,38.6,2019,91.0,70.0,72.0
Dumbo,347866307,114766307,233100000,32.99,2019,47.0,51.0,64.0
Us,255206930,175006930,80200000,68.57,2019,93.0,81.0,70.0
Men in Black: International,252884688,79790972,173093716,31.55,2019,22.0,38.0,56.0
Dark Phoenix,246356895,65845974,180510921,26.73,2019,23.0,43.0,60.0
Glass,245303505,111035005,134268500,45.26,2019,37.0,43.0,67.0
Annabelle Comes Home,223141159,73618894,149522265,32.99,2019,65.0,53.0,61.0
Escape Room,155313078,57000756,98312322,36.7,2019,49.0,48.0,63.0
Yesterday,137078409,73286650,63791759,53.46,2019,63.0,56.0,70.0
The Curse of La Llorona,121661395,54733739,66927656,44.99,2019,30.0,41.0,54.0
Wonder Park,115115984,45216793,69899191,39.28,2019,34.0,45.0,58.0
The Angry Birds Movie 2,108018185,38293015,69725170,35.45,2019,74.0,60.0,65.0
Angel Has Fallen,97959145,53959145,44000000,55.08,2019,40.0,45.0,67.0
The Hustle,94672561,35417038,59255523,37.41,2019,14.0,35.0,53.0
Scary Stories to Tell in the Dark,88961746,62261766,26699980,69.99,2019,79.0,61.0,64.0
Five Feet Apart,88495642,45729221,42766421,51.67,2019,55.0,53.0,72.0
Good Boys,82986415,67386415,15600000,81.2,2019,85.0,60.0,69.0
Dora and the Lost City of Gold,82644897,54444897,28200000,65.88,2019,83.0,63.0,61.0
A Dog's Way Home,81149577,41952715,39196862,51.7,2019,61.0,50.0,67.0
Crawl,74608002,39014193,35593809,52.29,2019,82.0,60.0,66.0
What Men Want,69911903,54611903,15300000,78.12,2019,44.0,49.0,51.0
A Dog's Journey,68549503,22546590,46002913,32.89,2019,50.0,43.0,74.0
Happy Death Day 2U,64268178,28051045,36217133,43.65,2019,70.0,57.0,62.0
Cold Pursuit,62599159,32138862,30460297,51.34,2019,70.0,57.0,62.0
After,58090525,12138565,45951960,20.9,2019,18.0,30.0,54.0
Long Shot,52609538,30316271,22293267,57.63,2019,81.0,67.0,70.0
Breakthrough,49022784,40713082,8309702,83.05,2019,60.0,46.0,60.0
Little,48735270,40673960,8061310,83.46,2019,46.0,49.0,54.0
Hellboy,40786480,21903748,18882732,53.7,2019,17.0,31.0,52.0
Ready or Not,39236493,25936493,13300000,66.1,2019,87.0,63.0,72.0
The Intruder,36459289,35388976,1070313,97.06,2019,30.0,39.0,55.0
Midsommar,35402640,27264277,8138363,77.01,2019,83.0,72.0,76.0
Stuber,29634769,22370452,7264317,75.49,2019,42.0,42.0,62.0
47 Meters Down: Uncaged,29151906,20951906,8200000,71.87,2019,46.0,43.0,52.0
The Art of Racing in the Rain,28851122,25306024,3545098,87.71,2019,42.0,43.0,74.0
Anna,28535942,7743794,20792148,27.14,2019,31.0,40.0,66.0
The Kid Who Would Be King,28296983,16790790,11506193,59.34,2019,89.0,66.0,60.0
UglyDolls,26114932,20150241,5964691,77.16,2019,27.0,39.0,47.0
